phi2:
  psi: 2
  delay: 3.141592653589793
  std: 0.10783468566208418
phi3:
  psi: 1
  delay: 3.141592653589793
  std: 0.10775281821035751
phi1:
  psi: 3
  delay: 3.141592653589793
  std: 0.4140369823892327
