phi2:
  psi: 3
  delay: 0
  std: 0.0009731196208298417
phi3:
  psi: 2
  delay: 0
  std: 0.0010552986575928587
phi1:
  psi: 1
  delay: 0
  std: 0.0010630897755379923
