phi2:
  psi: 2
  delay: 3.141592653589793
  std: 0.12052052279681372
phi3:
  psi: 1
  delay: 3.141592653589793
  std: 0.12057335550747676
phi1:
  psi: 3
  delay: 3.141592653589793
  std: 0.5020307822043867
