phi2:
  psi: 2
  delay: 3.141592653589793
  std: 0.11187708989512017
phi3:
  psi: 1
  delay: 3.141592653589793
  std: 0.13045349332375317
phi1:
  psi: 3
  delay: 3.141592653589793
  std: 0.5022040651492929
